-------vehicle-------     --------model--------     train_num     test_num     train_time(s)     test_time(s)     per_train_time(us)     per_test_time(us)     model_size(byte)     accuracy     precision     recall     f1_score     
Dacia Duster              Baseline                  4541          4545         3.263137          3.219549         718.594437             708.371552            1027                 1.0          1.0           1.0        1.0          
Dacia Duster              ECUPrint                  4541          4545         0.474027          0.401595         104.388328             88.359709             907                  0.99956      0.99956       0.99956    0.99956      
Dacia Duster              VInspectorLR              4541          4545         0.580402          0.266333         127.813727             58.59909              5694                 1.0          1.0           1.0        1.0          
Dacia Duster              BaselineOptimization      4541          4545         3.142669          3.102824         692.065396             682.689543            8769                 1.0          1.0           1.0        1.0          
Dacia Duster              ECUPrintOptimization      4541          4545         0.412394          0.38501          90.815637              84.710777             8929                 1.0          1.0           1.0        1.0          
Dacia Duster              VInspector                4541          4545         0.374786          0.270399         82.533834              59.493698             8838                 1.0          1.0           1.0        1.0          
Dacia Duster              VInspectorGradient        4541          4545         0.343875          0.321813         75.726645              70.805912             8846                 1.0          1.0           1.0        1.0          
Dacia Logan               Baseline                  15780         15799        12.410586         11.675644        786.475643             739.011578            1291                 0.998354     0.998354      0.998354   0.998354     
Dacia Logan               ECUPrint                  15780         15799        3.914962          1.813128         248.09647              114.76217             1051                 0.970378     0.970378      0.970378   0.970378     
Dacia Logan               VInspectorLR              15780         15799        17.521659         0.938191         1110.371271            59.382932             10542                0.996455     0.996455      0.996455   0.996455     
Dacia Logan               BaselineOptimization      15780         15799        11.089462         11.054208        702.754233             699.677719            20217                1.0          1.0           1.0        1.0          
Dacia Logan               ECUPrintOptimization      15780         15799        1.397921          1.370155         88.588155              86.724151             22297                1.0          1.0           1.0        1.0          
Dacia Logan               VInspector                15780         15799        1.362967          0.989519         86.373098              62.631741             16542                1.0          1.0           1.0        1.0          
Dacia Logan               VInspectorGradient        15780         15799        1.170405          0.935051         74.170177              59.184202             21750                1.0          1.0           1.0        1.0          
Ford Ecosport             Baseline                  11387         11421        8.335561          7.752706         732.024308             678.811471            1115                 1.0          1.0           1.0        1.0          
Ford Ecosport             ECUPrint                  11387         11421        1.353569          0.988414         118.869679             86.543564             955                  0.997198     0.997198      0.997198   0.997198     
Ford Ecosport             VInspectorLR              11387         11421        5.914616          0.664488         519.418273             58.181252             7310                 1.0          1.0           1.0        1.0          
Ford Ecosport             BaselineOptimization      11387         11421        7.681574          7.657661         674.591582             670.489554            11369                1.0          1.0           1.0        1.0          
Ford Ecosport             ECUPrintOptimization      11387         11421        0.989627          0.916419         86.908482              80.239845             15241                1.0          1.0           1.0        1.0          
Ford Ecosport             VInspector                11387         11421        0.898327          0.673092         78.890545              58.934626             11086                1.0          1.0           1.0        1.0          
Ford Ecosport             VInspectorGradient        11387         11421        0.801565          0.656227         70.392986              57.457896             11270                1.0          1.0           1.0        1.0          
Ford Fiesta               Baseline                  5525          5539         4.283196          3.720979         775.239176             671.7782              1379                 0.962448     0.962448      0.962448   0.962448     
Ford Fiesta               ECUPrint                  5525          5539         0.994078          0.449604         179.923562             81.170615             1099                 0.91623      0.91623       0.91623    0.91623      
Ford Fiesta               VInspectorLR              5525          5539         5.753352          0.310771         1041.330752            56.10606              12158                0.978697     0.978697      0.978697   0.978697     
Ford Fiesta               BaselineOptimization      5525          5539         4.004185          4.057394         724.739403             732.513859            24609                0.999639     0.999639      0.999639   0.999639     
Ford Fiesta               ECUPrintOptimization      5525          5539         0.523873          0.466614         94.818702              84.241604             33569                0.999458     0.999458      0.999458   0.999458     
Ford Fiesta               VInspector                5525          5539         0.515125          0.286394         93.235214              51.704936             24006                0.999639     0.999639      0.999639   0.999639     
Ford Fiesta               VInspectorGradient        5525          5539         0.408872          0.34167          74.003919              61.684426             27822                0.999639     0.999639      0.999639   0.999639     
Ford Kuga                 Baseline                  13997         14027        24.021201         9.487225         1716.167831            676.354535            1731                 0.777358     0.777358      0.777358   0.777358     
Ford Kuga                 ECUPrint                  13997         14027        5.782087          1.216157         413.094707             86.701128             1291                 0.832181     0.832181      0.832181   0.832181     
Ford Kuga                 VInspectorLR              13997         14027        37.392085         0.824653         2671.435653            58.790381             18622                0.931489     0.931489      0.931489   0.931489     
Ford Kuga                 BaselineOptimization      13997         14027        10.041085         9.878115         717.374098             704.221531            552703               0.987667     0.987667      0.987667   0.987667     
Ford Kuga                 ECUPrintOptimization      13997         14027        1.314932          1.179857         93.943836              84.113283             263521               0.996435     0.996435      0.996435   0.996435     
Ford Kuga                 VInspector                13997         14027        1.715092          0.826961         122.532807             58.954964             106918               0.997933     0.997933      0.997933   0.997933     
Ford Kuga                 VInspectorGradient        13997         14027        1.113001          0.854116         79.517119              60.890834             68334                1.0          1.0           1.0        1.0          
Honda Civic               Baseline                  7274          7293         5.443312          4.936516         748.324466             676.884175            1379                 0.792815     0.792815      0.792815   0.792815     
Honda Civic               ECUPrint                  7274          7293         1.436457          0.578014         197.478268             79.255952             1099                 0.938571     0.938571      0.938571   0.938571     
Honda Civic               VInspectorLR              7274          7293         12.319081         0.444339         1693.577205            60.926719             12158                0.997943     0.997943      0.997943   0.997943     
Honda Civic               BaselineOptimization      7274          7293         5.326512          4.946176         732.267267             678.208733            170881               0.994652     0.994652      0.994652   0.994652     
Honda Civic               ECUPrintOptimization      7274          7293         0.698028          0.601102         95.962069              82.421823             80609                0.997943     0.997943      0.997943   0.997943     
Honda Civic               VInspector                7274          7293         0.877066          0.392443         120.575526             53.810907             65670                0.997943     0.997943      0.997943   0.997943     
Honda Civic               VInspectorGradient        7274          7293         0.562201          0.440124         77.289115              60.348767             65230                0.997806     0.997806      0.997806   0.997806     
Hyundai i20               Baseline                  8875          8892         10.576269         6.192301         1191.692299            696.390103            1379                 0.999213     0.999213      0.999213   0.999213     
Hyundai i20               ECUPrint                  8875          8892         2.047394          0.698846         230.692313             78.592679             1099                 0.912168     0.912168      0.912168   0.912168     
Hyundai i20               VInspectorLR              8875          8892         12.890953         0.508694         1452.501727            57.208018             12158                0.993477     0.993477      0.993477   0.993477     
Hyundai i20               BaselineOptimization      8875          8892         5.992921          5.942408         675.258744             668.287036            29089                1.0          1.0           1.0        1.0          
Hyundai i20               ECUPrintOptimization      8875          8892         0.796556          0.713952         89.752735              80.291505             30209                0.999775     0.999775      0.999775   0.999775     
Hyundai i20               VInspector                8875          8892         0.79818           0.467134         89.935759              52.534134             23782                0.999775     0.999775      0.999775   0.999775     
Hyundai i20               VInspectorGradient        8875          8892         0.61181           0.486901         68.936388              54.757149             25358                0.99955      0.99955       0.99955    0.99955      
Hyundai ix35              Baseline                  10737         10743        7.744081          7.398103         721.251797             688.644047            1291                 0.940426     0.940426      0.940426   0.940426     
Hyundai ix35              ECUPrint                  10737         10743        2.309076          0.884203         215.0578               82.30501              1051                 0.976171     0.976171      0.976171   0.976171     
Hyundai ix35              VInspectorLR              10737         10743        14.511247         0.659775         1351.517872            61.414389             10542                0.986968     0.986968      0.986968   0.986968     
Hyundai ix35              BaselineOptimization      10737         10743        7.647641          7.451482         712.269787             693.612732            43305                0.997673     0.997673      0.997673   0.997673     
Hyundai ix35              ECUPrintOptimization      10737         10743        0.970747          0.972674         90.411381              90.540271             35817                1.0          1.0           1.0        1.0          
Hyundai ix35              VInspector                10737         10743        1.089494          0.701477         101.471032             65.296175             39214                0.997301     0.997301      0.997301   0.997301     
Hyundai ix35              VInspectorGradient        10737         10743        0.798547          0.593724         74.373362              55.266128             24246                0.999814     0.999814      0.999814   0.999814     
John Deere Tractor        Baseline                  1980          1993         1.471391          1.415116         743.126628             710.043307            1027                 0.938284     0.938284      0.938284   0.938284     
John Deere Tractor        ECUPrint                  1980          1993         0.245962          0.197984         124.223064             99.33944              907                  0.938786     0.938786      0.938786   0.938786     
John Deere Tractor        VInspectorLR              1980          1993         0.538468          0.143329         271.953477             71.916279             5694                 0.975414     0.975414      0.975414   0.975414     
John Deere Tractor        BaselineOptimization      1980          1993         1.501762          1.434473         758.465854             719.755424            81729                0.977923     0.977923      0.977923   0.977923     
John Deere Tractor        ECUPrintOptimization      1980          1993         0.237444          0.199669         119.921053             100.18509             15169                0.999498     0.999498      0.999498   0.999498     
John Deere Tractor        VInspector                1980          1993         0.255253          0.157929         128.915454             79.241699             24038                0.996488     0.996488      0.996488   0.996488     
John Deere Tractor        VInspectorGradient        1980          1993         0.181445          0.131176         91.63895               65.818362             12366                1.0          1.0           1.0        1.0          
Opel Corsa                Baseline                  4575          4584         3.173982          3.224512         693.766484             703.427492            1115                 1.0          1.0           1.0        1.0          
Opel Corsa                ECUPrint                  4575          4584         0.786628          0.38946          171.940444             84.960752             955                  1.0          1.0           1.0        1.0          
Opel Corsa                VInspectorLR              4575          4584         2.277133          0.247862         497.734039             54.071087             7310                 1.0          1.0           1.0        1.0          
Opel Corsa                BaselineOptimization      4575          4584         3.121032          3.098696         682.192839             675.980697            11017                1.0          1.0           1.0        1.0          
Opel Corsa                ECUPrintOptimization      4575          4584         0.40882           0.388335         89.359492              84.715364             12777                1.0          1.0           1.0        1.0          
Opel Corsa                VInspector                4575          4584         0.374739          0.232176         81.910097              50.649229             11086                1.0          1.0           1.0        1.0          
Opel Corsa                VInspectorGradient        4575          4584         0.302874          0.240749         66.201882              52.519442             11094                1.0          1.0           1.0        1.0          
